[BASIC]
[BASIC:PARAMS]
[BASIC:NETWORK]
beginTraining=0
connectionLimit=0
contextTargetOffset=0,0,0,0
contextTargetSize=0,0,0,0
endTraining=3
hasContext=f
inputCount=6
layerCounts=4,3,4,7
layerFeedCounts=4,2,3,6
layerContextCount=0,0,0,0
layerIndex=0,4,7,11
output=0,0,0,0,0,0,1,0,0,0,1,0,0,0,0,0,0,1
outputCount=4
weightIndex=0,12,20,41
weights=0.3534378429,0.69094085,-0.4134912673,0.6782322673,0.4108654642,0.2505085627,0.5386432047,0.5026617136,0.0923825103,0.1788434731,0.2047927826,0.1349831445,0.1290803693,0.3102245446,0.3651643299,-0.0677165465,0.2476536441,0.2845802558,0.1332088873,-0.2944747807,0.4200663656,0.3084204987,0.221293049,0.3868459709,0.1366422968,0.1531438798,0.1879810925,0.3251843124,0.3333775133,0.4136649844,0.1135530127,0.4016197632,0.3678359197,-0.1802052168,0.4153655282,0.008002278,0.3989442793,0.0813277813,0.206572708,0.0174669872,-0.0365630268
biasActivation=0,1,1,1
[BASIC:ACTIVATION]
"ActivationTANH"
"ActivationTANH"
"ActivationTANH"
"ActivationLinear"
