[BASIC]
[BASIC:PARAMS]
[BASIC:NETWORK]
beginTraining=0
connectionLimit=0
contextTargetOffset=0,0,0,0
contextTargetSize=0,0,0,0
endTraining=3
hasContext=f
inputCount=16
layerCounts=1,6,9,17
layerFeedCounts=1,5,8,16
layerContextCount=0,0,0,0
layerIndex=0,1,7,16
output=0,0,0,0,0,0,1,0,0,0,0,0,0,0,0,1,0,0,0,0,0,0,0,0,0,0,0,0,0,0,0,0,1
outputCount=1
weightIndex=0,6,51,187
weights=0.2268581228,0.2809960794,0.1575661089,0.0472776618,0.1027463104,-0.2138495746,0.1681637177,0.2101001098,0.1680972101,0.3493565279,0.1479375331,0.3024099858,0.2318957223,0.0505259099,-0.2755298223,0.4267468775,0.1867741893,0.2592959384,0.1602511974,0.3017356739,0.2477152091,0.3873436663,0.1958832156,0.1344018422,0.129494235,0.4244157932,0.1315573931,0.1073701841,0.3285977902,0.213751106,0.3105142644,0.1424601969,0.2356646432,0.0518889813,0.1841051336,0.1733852869,0.340368866,0.2408242344,0.0625008613,0.1538197121,0.1442344224,0.336739754,0.3093688818,0.1192263469,0.2026637192,0.2816829583,0.29772642,0.0152135462,0.0722030202,0.2212459164,-0.2484061879,0.3876584159,0.3331726898,0.2644651871,0.1006669266,0.1250421588,0.3729950082,0.2543454931,0.1183635193,0.3519531904,0.3373073979,0.2114534706,0.1114839695,0.3243037823,0.3575160887,0.2457361112,0.0906919199,0.1836865508,0.0359756769,0.3102538147,0.3153445249,0.0733482979,0.219669739,0.2224430779,0.2398004977,0.1273915536,0.1015525753,0.214273125,0.3871968209,0.3660669874,0.1457561821,0.3374060225,0.3199347784,0.3117948113,0.0812580732,0.2291258265,0.2812912848,0.2404746743,0.2269435245,0.3497291734,0.300949642,0.3823382508,0.2550828351,0.2379641755,0.0051300081,0.1895832617,0.1139716968,0.121071143,0.3732815388,0.1151931025,0.203427066,0.3178097719,0.020886383,0.173813191,0.3646609646,0.3531897467,0.3293915998,0.3268385304,0.2787325145,0.2801823493,0.1957832264,0.3823970668,0.0427283987,0.1803026418,0.2787500367,0.3241631851,0.0639624801,0.3640813968,0.2005592531,0.2364413487,0.3719480863,0.286849086,0.3687402412,0.2482404669,0.3201705943,0.0031250061,0.0069316326,0.3932040569,0.0361979541,0.3920813452,0.0735371179,0.3667251297,0.0964996309,0.1396116224,0.3026887927,-0.1876279661,0.1002373042,0.3699349512,0.1041139947,0.231015207,0.1298433138,0.0847705013,0.2079509549,0.3254553208,0.3552858876,0.0235346706,0.1277765525,0.3153914314,0.3667038373,0.0651152399,0.0189300075,0.1242466278,0.1112923626,0.2062811856,0.3325782676,0.0863177017,0.2653748993,0.2211448009,0.3202631105,0.0047639533,0.3804313519,0.1095870953,0.2243037511,0.1013149522,0.2732478737,0.0955309926,0.3376970755,0.1774983386,0.1333568927,-0.2344793862,0.1006305459,0.2919999461,0.1836499784,0.3561197235,0.1333190447,0.3023141771,0.091975043,0.3392917344,0.3837475649,0.2371093004,0.1406685445,0.2286203145,0.2801295519,0.3242209847,0.1745997041,0.2795106064,0.3699996765
biasActivation=0,1,1,1
[BASIC:ACTIVATION]
"ActivationTANH"
"ActivationTANH"
"ActivationTANH"
"ActivationLinear"
